688809
688805
688555
688086
603996
603963
603608
603603
603555
603402
603388
603157
603133
603003
601989
601558
601299
601268
601258
601028
600991
600978
600899
600898
600896
600891
600890
600878
600870
600856
600852
600849
600842
600840
600837
600836
600832
600823
600813
600811
600806
600804
600799
600788
600786
600781
600772
600767
600766
600762
600752
600747
600723
600709
600705
600701
600700
600695
600687
600680
600677
600672
600670
600669
600659
600656
600652
600647
600646
600634
600632
600631
600627
600625
600614
600607
600591
600565
600555
600553
600532
600485
600472
600466
600462
600432
600401
600393
600387
600385
600357
600337
600321
600317
600311
600306
600297
600296
600291
600290
600286
600277
600275
600270
600263
600260
600253
600247
600242
600240
600225
600220
600213
600209
600205
600190
600181
600175
600146
600145
600139
600122
600112
600102
600093
600092
600091
600090
600087
600086
600083
600077
600074
600070
600069
600068
600065
600005
600003
600002
600001
301687
301213
301025
300799
300742
300630
300585
300526
300495
300486
300431
300392
300379
300372
300367
300362
300356
300336
300330
300325
300312
300309
300297
300291
300282
300280
300273
300262
300216
300208
300202
300186
300178
300159
300156
300117
300116
300108
300104
300090
300089
300064
300038
300028
300023
002931
002781
002776
002770
002751
002750
002740
002711
002699
002684
002680
002665
002621
002619
002618
002610
002604
002509
002505
002504
002503
002502
002499
002477
002473
002464
002450
002447
002435
002433
002420
002417
002411
002359
002341
002336
002325
002308
002288
002280
002260
002220
002197
002166
002147
002143
002118
002113
002089
002087
002071
002070
002036
002018
002013
002002
001396
001369
000996
000982
000979
000976
000971
000961
000956
000939
000918
000916
000866
000861
000851
000836
000835
000832
000827
000817
000806
000805
000787
000780
000769
000765
000763
000760
000748
000732
000730
000699
000693
000689
000687
000675
000673
000671
000667
000666
000662
000660
000658
000653
000627
000622
000621
000618
000616
000613
000611
000606
000602
000594
000588
000587
000585
000584
000583
000578
000569
000562
000556
000549
000542
000540
000535
000527
000522
000515
000511
000508
000502
000418
000416
000413
000412
000406
000405
000150
000047
000046
000040
000038
000033
000024
000023
000018
000015
000013
000005
000003