000003
000005
000013
000015
000018
000023
000024
000033
000038
000040
000046
000047
000150
000405
000406
000412
000413
000416
000418
000502
000511
000515
000522
000527
000535
000540
000542
000549
000556
000562
000569
000578
000583
000584
000585
000587
000588
000594
000602
000606
000611
000613
000616
000618
000621
000622
000627
000653
000658
000660
000662
000666
000667
000671
000673
000675
000687
000689
000693
000699
000730
000732
000748
000760
000763
000765
000769
000780
000787
000805
000806
000817
000827
000832
000835
000836
000851
000861
000866
000916
000918
000939
000956
000961
000971
000976
000979
000982
000996
002002
002013
002018
002070
002071
002087
002089
002113
002118
002143
002147
002220
002260
002280
002288
002308
002325
002336
002341
002359
002411
002417
002433
002435
002447
002450
002464
002473
002477
002499
002502
002503
002504
002505
002509
002604
002610
002618
002619
002621
002665
002680
002684
002699
002711
002740
002750
002751
002770
002776
002781
300023
300028
300038
300064
300089
300090
300104
300108
300116
300117
300156
300178
300186
300202
300208
300216
300262
300273
300280
300282
300297
300309
300312
300325
300330
300336
300356
300362
300367
300372
300392
300431
300495
300526
300630
300742
300799
600001
600002
600003
600005
600065
600068
600069
600070
600074
600077
600083
600086
600087
600090
600091
600092
600093
600102
600112
600122
600139
600145
600146
600175
600181
600190
600205
600209
600213
600220
600225
600240
600242
600247
600253
600260
600263
600270
600275
600277
600286
600290
600291
600296
600297
600306
600311
600317
600321
600357
600385
600387
600393
600401
600432
600462
600466
600472
600485
600532
600553
600555
600565
600591
600607
600614
600625
600627
600631
600632
600634
600646
600647
600652
600656
600659
600669
600670
600672
600677
600680
600687
600695
600700
600701
600705
600709
600723
600747
600752
600762
600766
600767
600772
600781
600786
600788
600799
600804
600806
600811
600813
600823
600832
600836
600837
600840
600842
600852
600856
600870
600878
600890
600891
600896
600898
600899
600978
600991
601028
601258
601268
601299
601558
601989
603003
603133
603157
603388
603555
603603
603963
603996
688086
688555
300114
000508
600200
600849
